31
5 6 10
      -7.000000e-01       -6.266667e-01       -5.533333e-01       -4.800000e-01       -4.066667e-01       -3.333333e-01       -2.600000e-01       -1.866667e-01       -1.133333e-01
      -4.000000e-02        3.333333e-02        1.066667e-01        1.800000e-01        2.533333e-01        3.266667e-01        4.000000e-01        4.733333e-01        5.466667e-01   
       6.200000e-01        6.933333e-01        7.666667e-01        8.400000e-01        9.133333e-01        9.866667e-01        1.060000e+00        1.133333e+00        1.206667e+00   
       1.280000e+00        1.353333e+00        1.426667e+00        1.500000e+00  

      1.138022e+00       1.146643e+00       1.159363e+00       1.178675e+00       1.209063e+00       1.258946e+00       1.344614e+00       1.496340e+00       1.753133e+00
      2.068602e+00       2.158513e+00       1.940031e+00       1.687955e+00       1.513654e+00       1.403731e+00       1.333270e+00       1.286205e+00       1.253390e+00   
      1.229613e+00       1.211801e+00       1.198074e+00       1.187234e+00       1.178494e+00       1.171320e+00       1.165338e+00       1.160282e+00       1.155957e+00   
      1.152218e+00       1.148956e+00       1.146086e+00       1.143543e+00   
