******************  ВАРИАНТ   10   
число узлов  = 37
степень полинома       4        6       12      
--------   узлы сетки   
      -1.300000e+00       -1.233333e+00       -1.166667e+00       -1.100000e+00       -1.033333e+00       -9.666667e-01       -9.000000e-01       -8.333333e-01       -7.666667e-01   
      -7.000000e-01       -6.333333e-01       -5.666667e-01       -5.000000e-01       -4.333333e-01       -3.666667e-01       -3.000000e-01       -2.333333e-01       -1.666667e-01   
      -1.000000e-01       -3.333333e-02        3.333333e-02        1.000000e-01        1.666667e-01        2.333333e-01        3.000000e-01        3.666667e-01        4.333333e-01   
       5.000000e-01        5.666667e-01        6.333333e-01        7.000000e-01        7.666667e-01        8.333333e-01        9.000000e-01        9.666667e-01        1.033333e+00   
       1.100000e+00  
  ---- сеточная функция  
      1.117514e+00       1.117142e+00       1.116613e+00       1.115881e+00       1.114881e+00       1.113528e+00       1.111698e+00       1.109221e+00       1.105845e+00   
      1.101201e+00       1.094720e+00       1.085511e+00       1.072124e+00       1.052106e+00       1.021160e+00       9.715027e-01       8.889804e-01       7.502288e-01   
      5.343044e-01       2.982981e-01       2.417754e-01       4.048267e-01       6.039221e-01       7.511976e-01       8.485667e-01       9.128817e-01       9.566638e-01   
      9.875609e-01       1.010124e+00       1.027110e+00       1.040241e+00       1.050627e+00       1.059007e+00       1.065887e+00       1.071621e+00       1.076465e+00   
      1.080604e+00   
