******************  ВАРИАНТ   2    
число узлов  = 31
 степень полинома       5        6       10      
--------   узлы сетки   
      -7.000000e-01       -6.266667e-01       -5.533333e-01       -4.800000e-01       -4.066667e-01       -3.333333e-01       -2.600000e-01       -1.866667e-01       -1.133333e-01   
      -4.000000e-02        3.333333e-02        1.066667e-01        1.800000e-01        2.533333e-01        3.266667e-01        4.000000e-01        4.733333e-01        5.466667e-01   
       6.200000e-01        6.933333e-01        7.666667e-01        8.400000e-01        9.133333e-01        9.866667e-01        1.060000e+00        1.133333e+00        1.206667e+00   
       1.280000e+00        1.353333e+00        1.426667e+00        1.500000e+00  
  ---- сеточная функция  
      8.423446e-01       8.323107e-01       8.176749e-01       7.958085e-01       7.622021e-01       7.089599e-01       6.224591e-01       4.821642e-01       2.739629e-01   
      5.193903e-02      -2.065352e-02       1.063118e-01       2.915468e-01       4.425362e-01       5.484180e-01       6.209550e-01       6.715212e-01       7.077964e-01   
      7.346077e-01       7.549808e-01       7.708493e-01       7.834808e-01       7.937292e-01       8.021838e-01       8.092615e-01       8.152635e-01       8.204115e-01   
      8.248717e-01       8.287707e-01       8.322062e-01       8.352547e-01   
