******************  ВАРИАНТ   6    
число узлов  = 29
 степень полинома       4        7       14      
--------   узлы сетки   
      -1.400000e+00       -1.317857e+00       -1.235714e+00       -1.153571e+00       -1.071429e+00       -9.892857e-01       -9.071429e-01      -8.250000e-01      -7.428571e-01   
      -6.607143e-01       -5.785714e-01       -4.964286e-01       -4.142857e-01       -3.321429e-01       -2.500000e-01       -1.678571e-01       -8.571429e-02       -3.571429e-03   
       7.857143e-02        1.607143e-01        2.428571e-01        3.250000e-01        4.071429e-01        4.892857e-01        5.714286e-01        6.535714e-01        7.357143e-01   
       8.178571e-01        9.000000e-01  
  ---- сеточная функция  
      1.104859e+00       1.103192e+00       1.101190e+00       1.098756e+00       1.095759e+00       1.092013e+00       1.087248e+00       1.081065e+00       1.072850e+00   
      1.061631e+00       1.045793e+00       1.022530e+00       9.867011e-01       9.283904e-01       8.279389e-01       6.499846e-01       3.724297e-01       1.756577e-01   
      3.466591e-01       6.294932e-01       8.161675e-01       9.217177e-01       9.827197e-01       1.020013e+00       1.044118e+00       1.060467e+00       1.072012e+00   
      1.080442e+00       1.086774e+00   
