******************  ВАРИАНТ   7     
число узлов  = 25
 степень полинома       6        8       12      
--------   узлы сетки   
      -1.300000e+00       -1.200000e+00       -1.100000e+00      -1.000000e+00       -9.000000e-01       -8.000000e-01       -7.000000e-01       -6.000000e-01       -5.000000e-01   
      -4.000000e-01       -3.000000e-01       -2.000000e-01       -1.000000e-01        0.000000e+00        1.000000e-01        2.000000e-01        3.000000e-01        4.000000e-01   
       5.000000e-01        6.000000e-01        7.000000e-01        8.000000e-01        9.000000e-01        1.000000e+00        1.100000e+00  
  ---- сеточная функция  
      1.117514e+00       1.116900e+00       1.115881e+00       1.114255e+00       1.111698e+00       1.107665e+00       1.101201e+00       1.090530e+00       1.072124e+00   
      1.038377e+00       9.715027e-01       8.283999e-01         5.343044e-01       2.361169e-01        4.048267e-01          6.847852e-01       8.485667e-01       9.367689e-01   
      9.875609e-01       1.019188e+00       1.040241e+00       1.055032e+00       1.065887e+00       1.074141e+00       1.080604e+00   
