******************  ВАРИАНТ   8     
число узлов  = 29
 степень полинома       4        7       14      
--------   узлы сетки   
      -1.400000e+00       -1.317857e+00       -1.235714e+00       -1.153571e+00       -1.071429e+00       -9.892857e-01       -9.071429e-01     -8.250000e-01     -7.428571e-01   
      -6.607143e-01       -5.785714e-01       -4.964286e-01       -4.142857e-01       -3.321429e-01       -2.500000e-01       -1.678571e-01       -8.571429e-02       -3.571429e-03   
       7.857143e-02        1.607143e-01        2.428571e-01        3.250000e-01        4.071429e-01        4.892857e-01        5.714286e-01        6.535714e-01        7.357143e-01   
       8.178571e-01        9.000000e-01  
  ---- сеточная функция  
      1.118254e+00       1.118577e+00       1.119110e+00       1.119934e+00       1.121159e+00       1.122948e+00       1.125542e+00       1.129310e+00       1.134835e+00   
      1.143071e+00       1.155650e+00       1.175504e+00       1.208194e+00       1.264886e+00       1.368893e+00       1.565983e+00       1.901406e+00       2.196977e+00   
      2.073929e+00       1.769206e+00       1.548295e+00       1.415633e+00       1.335081e+00       1.283597e+00       1.248899e+00       1.224398e+00       1.206404e+00   
      1.192746e+00       1.182089e+00   
