******************  ВАРИАНТ   9     
число узлов  = 37
 степень полинома       4        6       12      
--------   узлы сетки   
      -1.300000e+00     -1.233333e+00       -1.166667e+00       -1.100000e+00       -1.033333e+00       -9.666667e-01       -9.000000e-01       -8.333333e-01       -7.666667e-01   
      -7.000000e-01       -6.333333e-01       -5.666667e-01       -5.000000e-01       -4.333333e-01       -3.666667e-01       -3.000000e-01       -2.333333e-01       -1.666667e-01   
      -1.000000e-01       -3.333333e-02        3.333333e-02        1.000000e-01        1.666667e-01        2.333333e-01        3.000000e-01        3.666667e-01        4.333333e-01   
       5.000000e-01        5.666667e-01        6.333333e-01        7.000000e-01        7.666667e-01        8.333333e-01        9.000000e-01        9.666667e-01        1.033333e+00   
       1.100000e+00  
  ---- сеточная функция  
      1.106525e+00       1.104640e+00       1.102415e+00       1.099768e+00       1.096595e+00       1.092757e+00       1.088067e+00       1.082265e+00       1.074991e+00   
      1.065728e+00       1.053720e+00       1.037835e+00       1.016334e+00       9.864845e-01       9.439282e-01       8.817697e-01       7.899019e-01       6.577317e-01   
      4.912849e-01       3.540751e-01       3.540751e-01       4.912849e-01       6.577317e-01       7.899019e-01       8.817697e-01       9.439282e-01       9.864845e-01   
      1.016334e+00       1.037835e+00       1.053720e+00       1.065728e+00       1.074991e+00       1.082265e+00       1.088067e+00       1.092757e+00       1.096595e+00   
      1.099768e+00   
