******************  ВАРИАНТ   10    
число узлов  = 31
 степень полинома       6        7       11      
--------   узлы сетки 
  -7.4600000e-01  -6.9233333e-01  -6.3866667e-01  -5.8500000e-01  -5.3133333e-01  -4.7766667e-01  -4.2400000e-01  -3.7033333e-01  -3.1666667e-01  -2.6300000e-01  -2.0933333e-01  -1.5566667e-01  -1.0200000e-01  -4.8333333e-02   5.3333333e-03   5.9000000e-02   1.1266667e-01   1.6633333e-01   2.2000000e-01   2.7366667e-01   3.2733333e-01   3.8100000e-01   4.3466667e-01   4.8833333e-01   5.4200000e-01   5.9566667e-01   6.4933333e-01   7.0300000e-01   7.5666667e-01   8.1033333e-01   8.6400000e-01
   ---- сеточная функция  
  -8.3182572e-01  -9.4921213e-01  -9.9866175e-01  -9.7663537e-01  -8.8470945e-01  -7.2946331e-01  -5.2200818e-01  -2.7719199e-01  -1.2536678e-02   2.5301590e-01   5.0045969e-01   7.1208468e-01   8.7274451e-01   9.7094045e-01   9.9964447e-01   9.5680214e-01   8.4547979e-01   6.7364494e-01   4.5359612e-01   2.0108262e-01  -6.5822716e-02  -3.2801701e-01  -5.6673454e-01  -7.6488987e-01  -9.0830067e-01  -9.8670277e-01  -9.9448480e-01  -9.3108979e-01  -8.0105502e-01  -6.1368731e-01  -3.8239692e-01
---сеточная производная
  -2.7751846e+00  -1.5731841e+00  -2.5858799e-01   1.0745157e+00   2.3307144e+00   3.4200997e+00   4.2647024e+00   4.8040728e+00   4.9996071e+00   4.8373106e+00   4.3287992e+00   3.5104679e+00   2.4408862e+00   1.1966060e+00  -1.3331753e-01  -1.4536993e+00  -2.6700371e+00  -3.6952757e+00  -4.4560368e+00  -4.8978714e+00  -4.9891567e+00  -4.7233591e+00  -4.1195023e+00  -3.2208054e+00  -2.0915897e+00  -8.1267522e-01   5.2440387e-01   1.8239504e+00   2.9929536e+00   3.9477458e+00   4.6199908e+00
--------   узлы сетки 
  -2.5400000e-01  -1.4100000e-01  -2.8000000e-02   8.5000000e-02   1.9800000e-01   3.1100000e-01   4.2400000e-01   5.3700000e-01   6.5000000e-01   7.6300000e-01   8.7600000e-01   9.8900000e-01   1.1020000e+00   1.2150000e+00   1.3280000e+00   1.4410000e+00   1.5540000e+00   1.6670000e+00   1.7800000e+00   1.8930000e+00   2.0060000e+00   2.1190000e+00   2.2320000e+00   2.3450000e+00   2.4580000e+00   2.5710000e+00   2.6840000e+00   2.7970000e+00   2.9100000e+00   3.0230000e+00   3.1360000e+00
   ---- сеточная функция  
   9.5510086e-01   6.4803383e-01   1.3954311e-01   4.1232078e-01   8.3602598e-01   9.9987524e-01   8.5294048e-01   4.4089237e-01   1.0819513e-01   6.2365313e-01   9.4526551e-01   9.7306782e-01   6.9841847e-01   2.0668473e-01   3.4929133e-01   7.9669969e-01   9.9647561e-01   8.8652420e-01   5.0102086e-01   4.0211195e-02   5.6894469e-01   9.2083720e-01   9.8651252e-01   7.4555725e-01   2.7286580e-01   2.8463857e-01   7.5367079e-01   9.8844493e-01   9.1598786e-01   5.5882088e-01   2.7959624e-02
---сеточная производная
  -1.4814044e+00  -3.8080578e+00  -4.9510800e+00   4.5551937e+00   2.7434493e+00   7.8978349e-02  -2.6100409e+00  -4.4877999e+00   4.9706484e+00   3.9085060e+00   1.6315109e+00  -1.1525950e+00  -3.5784481e+00  -4.8920380e+00   4.6850709e+00   3.0218769e+00   4.1941475e-01  -2.3134111e+00  -4.3271760e+00   4.9959560e+00   4.1118789e+00   1.9497362e+00  -8.1842908e-01  -3.3322079e+00  -4.8102605e+00   4.7931745e+00   3.2862606e+00   7.5790194e-01  -2.0060299e+00  -4.1464419e+00  -4.9980453e+00
