 ******************  ВАРИАНТ   11    
число узлов  = 29
степень полинома       4        7       14      
--------   узлы сетки 
  -8.6900000e-01  -8.2739286e-01  -7.8578571e-01  -7.4417857e-01  -7.0257143e-01  -6.6096429e-01  -6.1935714e-01  -5.7775000e-01  -5.3614286e-01  -4.9453571e-01  -4.5292857e-01  -4.1132143e-01  -3.6971429e-01  -3.2810714e-01  -2.8650000e-01  -2.4489286e-01  -2.0328571e-01  -1.6167857e-01  -1.2007143e-01  -7.8464286e-02  -3.6857143e-02   4.7500000e-03   4.6357143e-02   8.7964286e-02   1.2957143e-01   1.7117857e-01   2.1278571e-01   2.5439286e-01   2.9600000e-01
  ---- сеточная функция  
   9.8002975e-01   8.8165646e-01   7.0902246e-01   4.7666847e-01   2.0416535e-01  -8.5534339e-02  -3.6802959e-01  -6.1952621e-01  -8.1884098e-01  -9.4918591e-01  -9.9958221e-01  -9.6578508e-01  -8.5064119e-01  -6.6384896e-01  -4.2114165e-01  -1.4296216e-01   1.4725884e-01   4.2507643e-01   6.6709042e-01   8.5291630e-01   9.6690221e-01   9.9944727e-01   9.4781026e-01   8.1634050e-01   6.1611150e-01   3.6398827e-01   8.1206807e-02  -2.0841459e-01  -4.8048151e-01
---сеточная производная
  -1.3919566e+00  -3.3032428e+00  -4.9363013e+00  -6.1535820e+00  -6.8525549e+00  -6.9743466e+00  -6.5086986e+00  -5.4948318e+00  -4.0181429e+00  -2.2030114e+00  -2.0232324e-01   1.8154063e+00   3.6802267e+00   5.2350667e+00   6.3489641e+00   6.9280971e+00   6.9236859e+00   6.3361022e+00   5.2148373e+00   3.6543338e+00   1.7860308e+00  -2.3270712e-01  -2.2318444e+00  -4.0429966e+00  -5.5136127e+00  -6.5198247e+00  -6.9768809e+00  -6.8462840e+00  -6.1390340e+00
--------   узлы сетки 
  -1.3100000e-01   5.9642857e-03   1.4292857e-01   2.7989286e-01   4.1685714e-01   5.5382143e-01   6.9078571e-01   8.2775000e-01   9.6471429e-01   1.1016786e+00   1.2386429e+00   1.3756071e+00   1.5125714e+00   1.6495357e+00   1.7865000e+00   1.9234643e+00   2.0604286e+00   2.1973929e+00   2.3343571e+00   2.4713214e+00   2.6082857e+00   2.7452500e+00   2.8822143e+00   3.0191786e+00   3.1561429e+00   3.2931071e+00   3.4300714e+00   3.5670357e+00   3.7040000e+00
  ---- сеточная функция  
   7.9378058e-01   4.1737872e-02   8.4174103e-01   9.2549585e-01   2.2173427e-01   6.7070387e-01   9.9243141e-01   4.6968621e-01   4.5272106e-01   9.8990212e-01   6.8476265e-01   2.0305023e-01   9.1808504e-01   8.5190940e-01   6.0833031e-02   7.8200695e-01   9.5942710e-01   3.2045830e-01   5.9119261e-01   9.9979008e-01   5.5765323e-01   3.5899797e-01   9.7017315e-01   7.5581544e-01   1.0167542e-01   8.7264934e-01   9.0107464e-01   1.6276386e-01   7.1404479e-01
---сеточная производная
  -4.2574296e+00   6.9939002e+00   3.7791705e+00  -2.6513042e+00  -6.8257499e+00   5.1920766e+00  -8.5960189e-01  -6.1798340e+00   6.2415654e+00   9.9226795e-01  -5.1013631e+00   6.8541783e+00   2.7746844e+00  -3.6658243e+00  -6.9870357e+00   4.3628879e+00  -1.9736977e+00  -6.6308384e+00   5.6457129e+00  -1.4342280e-01  -5.8105181e+00   6.5333684e+00   1.6968909e+00  -4.5834930e+00   6.9637234e+00   3.4184314e+00  -3.0356482e+00  -6.9066554e+00   4.9007001e+00
