ВАРИАНТ  12     
число узлов  = 37
степень полинома       4        6       12      
--------   узлы сетки   
  -9.9200000e-01  -9.7200000e-01  -9.5200000e-01  -9.3200000e-01  -9.1200000e-01  -8.9200000e-01  -8.7200000e-01  -8.5200000e-01  -8.3200000e-01  -8.1200000e-01  -7.9200000e-01  -7.7200000e-01  -7.5200000e-01  -7.3200000e-01  -7.1200000e-01  -6.9200000e-01  -6.7200000e-01  -6.5200000e-01  -6.3200000e-01  -6.1200000e-01  -5.9200000e-01  -5.7200000e-01  -5.5200000e-01  -5.3200000e-01  -5.1200000e-01  -4.9200000e-01  -4.7200000e-01  -4.5200000e-01  -4.3200000e-01  -4.1200000e-01  -3.9200000e-01  -3.7200000e-01  -3.5200000e-01  -3.3200000e-01  -3.1200000e-01  -2.9200000e-01  -2.7200000e-01
   ---- сеточная функция  
  -8.1926441e-02   7.7902622e-02   2.3574163e-01   3.8755851e-01   5.2947505e-01   6.5786591e-01   7.6945131e-01   8.6138073e-01   9.3130582e-01   9.7744029e-01   9.9860563e-01   9.9426115e-01   9.6451784e-01   9.1013551e-01   8.3250337e-01   7.3360457e-01   6.1596553e-01   4.8259137e-01   3.3688922e-01   1.8258108e-01   2.3608826e-02  -1.3596652e-01  -2.9206855e-01  -4.4070956e-01  -5.7809245e-01  -7.0070772e-01  -8.0542310e-01  -8.8956361e-01  -9.5097983e-01  -9.8810285e-01  -9.9998436e-01  -9.8632084e-01  -9.4746132e-01  -8.8439849e-01  -7.9874332e-01  -6.9268391e-01  -5.6892959e-01
---сеточная производная
   7.9731070e+00   7.9756878e+00   7.7745261e+00   7.3747608e+00   6.7866041e+00   6.0250806e+00   5.1096438e+00   4.0636790e+00   2.9139057e+00   1.6896954e+00   4.2232114e-01  -8.5584151e-01  -2.1121413e+00  -3.3144856e+00  -4.4321598e+00  -5.4366127e+00  -6.3021849e+00  -7.0067650e+00  -7.5323543e+00  -7.8655264e+00  -7.9977702e+00  -7.9257075e+00  -7.6511791e+00  -7.1811981e+00  -6.5277702e+00  -5.7075876e+00  -4.7416023e+00  -3.6544906e+00  -2.4740234e+00  -1.2303562e+00   4.4740995e-02   1.3186953e+00   2.5589629e+00   3.7338607e+00   4.8133754e+00   5.7699303e+00   6.5790899e+00
--------   узлы сетки   
  -8.0000000e-03   1.1088889e-01   2.2977778e-01   3.4866667e-01   4.6755556e-01   5.8644444e-01   7.0533333e-01   8.2422222e-01   9.4311111e-01   1.0620000e+00   1.1808889e+00   1.2997778e+00   1.4186667e+00   1.5375556e+00   1.6564444e+00   1.7753333e+00   1.8942222e+00   2.0131111e+00   2.1320000e+00   2.2508889e+00   2.3697778e+00   2.4886667e+00   2.6075556e+00   2.7264444e+00   2.8453333e+00   2.9642222e+00   3.0831111e+00   3.2020000e+00   3.3208889e+00   3.4397778e+00   3.5586667e+00   3.6775556e+00   3.7964444e+00   3.9153333e+00   4.0342222e+00   4.1531111e+00   4.2720000e+00
   ---- сеточная функция  
   6.3956318e-02   7.7525021e-01   9.6445430e-01   3.4501927e-01   5.6369444e-01   9.9978299e-01   5.9761136e-01   3.0562281e-01   9.5260994e-01   8.0088877e-01   2.2331294e-02   8.2682786e-01   9.3807711e-01   2.6280300e-01   6.3281622e-01   9.9785566e-01   5.2625087e-01   3.8658482e-01   9.7529151e-01   7.4627271e-01   1.0845257e-01   8.7224664e-01   9.0471239e-01   1.7862915e-01   6.9722429e-01   9.8849552e-01   4.5097046e-01   4.6466723e-01   9.9070834e-01   6.8609784e-01   1.9376600e-01   9.1116825e-01   8.6460866e-01   9.3124742e-02   7.5643888e-01   9.7177228e-01   3.7233086e-01
---сеточная производная
  -7.9836216e+00   5.0532342e+00  -2.1139977e+00  -7.5087648e+00   6.6078672e+00   1.6665534e-01  -6.4142874e+00   7.6172213e+00   2.4335560e+00  -4.7905052e+00   7.9980050e+00   4.4996405e+00  -2.7714122e+00  -7.7187961e+00   6.1944162e+00  -5.2362321e-01  -6.8026349e+00   7.3780309e+00   1.7673750e+00  -5.3251226e+00   7.9528130e+00   3.9125300e+00  -3.4081830e+00  -7.8713318e+00   5.7348244e+00  -1.2100014e+00  -7.1403110e+00   7.0838831e+00   1.0880291e+00  -5.8200743e+00   7.8483822e+00   3.2962758e+00  -4.0195671e+00  -7.9652356e+00   5.2325150e+00  -1.8873666e+00  -7.4248005e+00
