****************** ВАРИАНТ 2 
число узлов = 31
степень полинома 6 7 11 
-------- узлы сетки 
-7.4600000e-001 -6.9233333e-001 -6.3866667e-001 -5.8500000e-001 -5.3133333e-001 -4.7766667e-001 -4.2400000e-001 -3.7033333e-001 -3.1666667e-001 -2.6300000e-001 -2.0933333e-001 -1.5566667e-001 -1.0200000e-001 -4.8333333e-002 5.3333333e-003 5.9000000e-002 1.1266667e-001 1.6633333e-001 2.2000000e-001 2.7366667e-001 3.2733333e-001 3.8100000e-001 4.3466667e-001 4.8833333e-001 5.4200000e-001 5.9566667e-001 6.4933333e-001 7.0300000e-001 7.5666667e-001 8.1033333e-001 8.6400000e-001
---- сеточная функция 
3.8386804e-001 8.0200735e-001 9.9465058e-001 9.0763328e-001 5.6542163e-001 6.4233434e-002 -4.5501493e-001 -8.4632920e-001 -9.9968566e-001 -8.7196590e-001 -4.9908020e-001 1.4129190e-002 5.2336595e-001 8.8545073e-001 9.9857811e-001 8.3094068e-001 4.2967214e-001 -9.2404996e-002 -5.8850112e-001 -9.1913156e-001 -9.9133474e-001 -7.8480969e-001 -3.5762393e-001 1.7011301e-001 6.5002020e-001 9.4716472e-001 9.7800005e-001 7.3385638e-001 2.8337828e-001 -2.4677576e-001 -7.0754519e-001
---сеточная производная
9.2338796e+000 5.9731417e+000 1.0329677e+000 -4.1976402e+000 -8.2480203e+000 -9.9793490e+000 -8.9048381e+000 -5.3266019e+000 -2.5071386e-001 4.8956661e+000 8.6655580e+000 9.9990018e+000 8.5210802e+000 4.6473325e+000 -5.3308053e-001 -5.5636102e+000 -9.0298497e+000 -9.9572151e+000 -8.0849640e+000 -3.9395073e+000 1.3135994e+000 6.1973684e+000 9.3386569e+000 9.8542456e+000 7.5991693e+000 3.2074756e+000 -2.0860467e+000 -6.7930465e+000 -9.5900821e+000 -9.6907261e+000 -7.0666810e+000
-------- узлы сетки 
-2.5400000e-001 -1.4100000e-001 -2.8000000e-002 8.5000000e-002 1.9800000e-001 3.1100000e-001 4.2400000e-001 5.3700000e-001 6.5000000e-001 7.6300000e-001 8.7600000e-001 9.8900000e-001 1.1020000e+000 1.2150000e+000 1.3280000e+000 1.4410000e+000 1.5540000e+000 1.6670000e+000 1.7800000e+000 1.8930000e+000 2.0060000e+000 2.1190000e+000 2.2320000e+000 2.3450000e+000 2.4580000e+000 2.5710000e+000 2.6840000e+000 2.7970000e+000 2.9100000e+000 3.0230000e+000 3.1360000e+000
---- сеточная функция 
5.6595623e-001 9.8710010e-001 2.7635565e-001 7.5128041e-001 9.1743796e-001 3.1587398e-002 8.9048381e-001 7.9145470e-001 2.1511999e-001 9.7502081e-001 6.1688439e-001 4.4862125e-001 9.9970171e-001 4.0444382e-001 6.5458186e-001 9.6301136e-001 1.6717463e-001 8.2035797e-001 8.6720218e-001 8.0357344e-002 9.3577268e-001 7.1815584e-001 3.2295621e-001 9.9374071e-001 5.2502223e-001 5.4572895e-001 9.9070344e-001 2.9965773e-001 7.3499962e-001 9.2684733e-001 5.5897386e-002
---сеточная производная
8.2443529e+000 -1.6010431e+000 -9.6105544e+000 6.5998315e+000 -3.9787887e+000 -9.9950099e+000 4.5501493e+000 -6.1122783e+000 9.7658763e+000 2.2211355e+000 -7.8705378e+000 8.9372198e+000 -2.4423284e-001 -9.1456284e+000 7.5599113e+000 -2.6946078e+000 -9.8592730e+000 5.7185032e+000 -4.9795620e+000 9.9676612e+000 3.5260388e+000 -6.9588231e+000 9.4641391e+000 1.1171124e+000 -8.5108852e+000 8.3796176e+000 -1.3603930e+000 -9.5404677e+000 6.7806752e+000 -3.7543846e+000 -9.9843652e+000
