 ******************  ВАРИАНТ   3    
число узлов  = 29
степень полинома       4        7       14      
--------   узлы сетки   
 -8.6900000e-001 -8.2739286e-001 -7.8578571e-001 -7.4417857e-001 -7.0257143e-001 -6.6096429e-001 -6.1935714e-001 -5.7775000e-001 -5.3614286e-001 -4.9453571e-001 -4.5292857e-001 -4.1132143e-001 -3.6971429e-001 -3.2810714e-001 -2.8650000e-001 -2.4489286e-001 -2.0328571e-001 -1.6167857e-001 -1.2007143e-001 -7.8464286e-002 -3.6857143e-002  4.7500000e-003  4.6357143e-002  8.7964286e-002  1.2957143e-001  1.7117857e-001  2.1278571e-001  2.5439286e-001  2.9600000e-001
  ---- сеточная функция  
 -7.4197963e-001 -4.0771200e-001 -3.8754992e-003  4.0062229e-001  7.3676094e-001  9.4718431e-001  9.9598736e-001  8.7484271e-001  6.0442156e-001  2.3086652e-001 -1.8208184e-001 -5.6396113e-001 -8.4961039e-001 -9.9028860e-001 -9.6199150e-001 -7.6954749e-001 -4.4579376e-001 -4.5973178e-002  3.6169192e-001  7.0764066e-001  9.3284299e-001  9.9887209e-001  8.9446126e-001  6.3742637e-001  2.7162589e-001 -1.4052275e-001 -5.2869367e-001 -8.2665232e-001 -9.8355731e-001
---сеточная производная
  6.7042242e+000  9.1311058e+000  9.9999249e+000  9.1624330e+000  6.7615332e+000  3.2068969e+000 -8.9493984e-001 -4.8440709e+000 -7.9666466e+000 -9.7298543e+000 -9.8328338e+000 -8.2580134e+000 -5.2741084e+000 -1.3902697e+000  2.7307940e+000  6.3858958e+000  8.9513570e+000  9.9894267e+000  9.3229768e+000  7.0657250e+000  3.6028317e+000 -4.7482140e-001 -4.4714546e+000 -7.7051128e+000 -9.6240292e+000 -9.9007745e+000 -8.4881270e+000 -5.6271302e+000 -1.8059627e+000
--------   узлы сетки   
 -1.3100000e-001  5.9642857e-003  1.4292857e-001  2.7989286e-001  4.1685714e-001  5.5382143e-001  6.9078571e-001  8.2775000e-001  9.6471429e-001  1.1016786e+000  1.2386429e+000  1.3756071e+000  1.5125714e+000  1.6495357e+000  1.7865000e+000  1.9234643e+000  2.0604286e+000  2.1973929e+000  2.3343571e+000  2.4713214e+000  2.6082857e+000  2.7452500e+000  2.8822143e+000  3.0191786e+000  3.1561429e+000  3.2931071e+000  3.4300714e+000  3.5670357e+000  3.7040000e+000
  ---- сеточная функция  
  9.6618495e-001  5.9607502e-002  9.9000407e-001  3.3599748e-001  8.5573970e-001  6.7795051e-001  5.8483111e-001  9.1164864e-001  2.2053691e-001  9.9977505e-001  1.7897255e-001  9.2825773e-001  5.4990374e-001  7.0851655e-001  8.3302649e-001  3.7563971e-001  9.8313188e-001  1.7219153e-002  9.7625111e-001  4.0732846e-001  8.1348292e-001  7.3239571e-001  5.2081807e-001  9.4051428e-001  1.4498918e-001  9.9845186e-001  2.5399154e-001  8.9695701e-001  6.1241497e-001
---сеточная производная
 -2.5785003e+000  9.9822189e+000  1.4103879e+000 -9.4186288e+000  5.1740658e+000 -7.3510755e+000  8.1115508e+000 -4.1097050e+000  9.7537863e+000 -2.1209836e-001 -9.8385407e+000  3.7193761e+000 -8.3522804e+000  7.0569419e+000 -5.5323310e+000  9.2676578e+000 -1.8289809e+000 -9.9985174e+000  2.1664201e+000 -9.1328173e+000  5.8158880e+000 -6.8087923e+000  8.5366770e+000 -3.3975417e+000  9.8943324e+000  5.5622712e-001 -9.6720644e+000  4.4211778e+000 -7.9053646e+000
