ВАРИАНТ  4     
число узлов  = 25
степень полинома       6        8       12      
--------   узлы сетки   
 -9.9200000e-001 -9.7200000e-001 -9.5200000e-001 -9.3200000e-001 -9.1200000e-001 -8.9200000e-001 -8.7200000e-001 -8.5200000e-001 -8.3200000e-001 -8.1200000e-001 -7.9200000e-001 -7.7200000e-001 -7.5200000e-001 -7.3200000e-001 -7.1200000e-001 -6.9200000e-001 -6.7200000e-001 -6.5200000e-001 -6.3200000e-001 -6.1200000e-001 -5.9200000e-001 -5.7200000e-001 -5.5200000e-001 -5.3200000e-001 -5.1200000e-001 -4.9200000e-001 -4.7200000e-001 -4.5200000e-001 -4.3200000e-001 -4.1200000e-001 -3.9200000e-001 -3.7200000e-001 -3.5200000e-001 -3.3200000e-001 -3.1200000e-001 -2.9200000e-001 -2.7200000e-001
   ---- сеточная функция  
 -8.7986321e-001 -9.5673756e-001 -9.9546981e-001 -9.9451581e-001 -9.5391361e-001 -8.7528188e-001 -7.6175542e-001 -6.1786018e-001 -4.4933281e-001 -2.6289195e-001 -6.5970420e-002  1.3358114e-001  3.2780724e-001  5.0896471e-001  6.6983135e-001  8.0399394e-001  9.0610382e-001  9.7209020e-001  9.9932242e-001  9.8671480e-001  9.3476998e-001  8.4555882e-001  7.2263791e-001  5.7090770e-001  3.9641721e-001  2.0612281e-001  7.6109461e-003 -1.9120434e-001 -3.8239692e-001 -5.5834453e-001 -7.1203272e-001 -8.3733440e-001 -9.2925421e-001 -9.8412758e-001 -9.9976689e-001 -9.7554865e-001 -9.1243836e-001
---сеточная производная
 -4.7522703e+000 -2.9095229e+000 -9.5078204e-001  1.0458635e+000  3.0008138e+000  4.8361311e+000  6.4786471e+000  7.8628799e+000  8.9336444e+000  9.6482528e+000  9.9782158e+000  9.9103788e+000  9.4474463e+000  8.6078739e+000  7.4251327e+000  5.9463749e+000  4.2305540e+000  2.3460742e+000  3.6806377e-001 -1.6246202e+000 -3.5525356e+000 -5.3388227e+000 -6.9122677e+000 -8.2101425e+000 -9.1807047e+000 -9.7852613e+000 -9.9997104e+000 -9.8155025e+000 -9.2399816e+000 -8.2960917e+000 -7.0214629e+000 -5.4669105e+000 -3.6944096e+000 -1.7746242e+000  2.1590976e-001  2.1978361e+000  4.0921417e+000
--------   узлы сетки   
 -8.0000000e-003  1.1088889e-001  2.2977778e-001  3.4866667e-001  4.6755556e-001  5.8644444e-001  7.0533333e-001  8.2422222e-001  9.4311111e-001  1.0620000e+000  1.1808889e+000  1.2997778e+000  1.4186667e+000  1.5375556e+000  1.6564444e+000  1.7753333e+000  1.8942222e+000  2.0131111e+000  2.1320000e+000  2.2508889e+000  2.3697778e+000  2.4886667e+000  2.6075556e+000  2.7264444e+000  2.8453333e+000  2.9642222e+000  3.0831111e+000  3.2020000e+000  3.3208889e+000  3.4397778e+000  3.5586667e+000  3.6775556e+000  3.7964444e+000  3.9153333e+000  4.0342222e+000  4.1531111e+000  4.2720000e+000
   ---- сеточная функция  
  7.9914694e-002  8.9520406e-001  7.4718398e-001  3.3826633e-001  9.9932173e-001  4.0661043e-001  6.9624150e-001  9.2557654e-001  6.3331080e-003  9.3029712e-001  6.8709393e-001  4.1814945e-001  9.9877514e-001  3.2631988e-001  7.5554206e-001  8.8948759e-001  9.2533736e-002  9.5846060e-001  6.2188586e-001  4.9491787e-001  9.9078889e-001  2.4359866e-001  8.0921476e-001  8.4677304e-001  1.7804510e-001  9.7948471e-001  5.5204549e-001  5.6799975e-001  9.7542247e-001  1.5906292e-001  8.5685978e-001  7.9775106e-001  2.6223024e-001  9.9321285e-001  4.7809306e-001  6.3685073e-001  9.5279034e-001
---сеточная производная
 -9.9680171e+000  4.4565646e+000 -6.6461725e+000  9.4105042e+000  3.6825097e-001 -9.1360164e+000  7.1780762e+000 -3.7856053e+000  9.9997995e+000  3.6680685e+000 -7.2656860e+000  9.0837824e+000 -4.9479514e-001 -9.4525940e+000  6.5510014e+000 -4.5695933e+000  9.9570955e+000  2.8522497e+000 -7.8310790e+000  8.6893976e+000 -1.3541556e+000 -9.6987612e+000  5.8751296e+000 -5.3195435e+000  9.8402233e+000  2.0151851e+000 -8.3381399e+000  8.2302872e+000 -2.2034293e+000 -9.8726845e+000  5.1554952e+000 -6.0298694e+000  9.6500534e+000  1.1631098e+000 -8.7830919e+000  7.7098713e+000 -3.0362901e+000
