*****************  ВАРИАНТ   6     
число узлов  = 31
 степень полинома       6        7       11      
--------   узлы сетки   
 -7.4600000e-001 -6.9233333e-001 -6.3866667e-001 -5.8500000e-001 -5.3133333e-001 -4.7766667e-001 -4.2400000e-001 -3.7033333e-001 -3.1666667e-001 -2.6300000e-001 -2.0933333e-001 -1.5566667e-001 -1.0200000e-001 -4.8333333e-002  5.3333333e-003  5.9000000e-002  1.1266667e-001  1.6633333e-001  2.2000000e-001  2.7366667e-001  3.2733333e-001  3.8100000e-001  4.3466667e-001  4.8833333e-001  5.4200000e-001  5.9566667e-001  6.4933333e-001  7.0300000e-001  7.5666667e-001  8.1033333e-001  8.6400000e-001
  ---- сеточная функция  
  1.9320310e-001 -5.7333808e-001 -9.8797723e-001 -7.9621815e-001 -1.1575827e-001  6.3575144e-001  9.9705120e-001  7.4638334e-001  3.7602153e-002 -6.9425839e-001 -9.9999873e-001 -6.9196232e-001  4.0785011e-002  7.4849942e-001  9.9680171e-001  6.3328950e-001 -1.1892157e-001 -7.9814125e-001 -9.8747977e-001 -5.7072539e-001  1.9632741e-001  8.4287885e-001  9.7209020e-001  5.0465443e-001 -2.7252690e-001 -8.8243733e-001 -9.5072756e-001 -4.3548258e-001  3.4705183e-001  9.1657362e-001  9.2352312e-001
---сеточная производная
 -1.4717382e+001 -1.2289783e+001 -2.3189921e+000  9.0751444e+000  1.4899161e+001  1.1578408e+001  1.1510876e+000 -9.9827441e+000 -1.4989392e+001 -1.0795888e+001  2.3889794e-002  1.0829004e+001  1.4987519e+001  9.9470316e+000 -1.1987204e+000 -1.1608725e+001 -1.4893555e+001 -9.0370555e+000  2.3661854e+000  1.2317115e+001  1.4708076e+001  8.0715505e+000 -3.5191112e+000 -1.2949822e+001 -1.4432222e+001 -7.0564495e+000  4.6504137e+000  1.3502957e+001  1.4067689e+001  5.9979896e+000 -5.7531413e+000
--------   узлы сетки   
 -2.5400000e-001 -1.4100000e-001 -2.8000000e-002  8.5000000e-002  1.9800000e-001  3.1100000e-001  4.2400000e-001  5.3700000e-001  6.5000000e-001  7.6300000e-001  8.7600000e-001  9.8900000e-001  1.1020000e+000  1.2150000e+000  1.3280000e+000  1.4410000e+000  1.5540000e+000  1.6670000e+000  1.7800000e+000  1.8930000e+000  2.0060000e+000  2.1190000e+000  2.2320000e+000  2.3450000e+000  2.4580000e+000  2.5710000e+000  2.6840000e+000  2.7970000e+000  2.9100000e+000  3.0230000e+000  3.1360000e+000
  ---- сеточная функция  
  6.1973684e-001  8.5553985e-001  4.0776045e-001  9.5657032e-001  1.7075183e-001  9.9887735e-001  7.6739174e-002  9.7986375e-001  3.1951919e-001  9.0069675e-001  5.4268407e-001  7.6623637e-001  7.3253381e-001  5.8473708e-001  8.7741363e-001  3.6734105e-001  9.6842941e-001  1.2739410e-001  9.9999374e-001  1.2037351e-001  9.7016890e-001  3.6075144e-001  8.8078582e-001  5.7898300e-001  7.3733168e-001  7.6167106e-001  5.4861309e-001  8.9760046e-001  3.2621537e-001  9.7842657e-001  8.3791443e-002
---сеточная производная
 -1.1772145e+001  7.7660545e+000 -1.3696334e+001  4.3725253e+000 -1.4779711e+001  7.1056868e-001  1.4955768e+001 -2.9950094e+000  1.4213697e+001 -6.5167252e+000  1.2599054e+001 -9.6383821e+000  1.0210960e+001 -1.2168343e+001  7.1960195e+000 -1.3951295e+001  3.7393189e+000 -1.4877783e+001  5.3063222e-002  1.4890930e+001 -3.6364500e+000  1.3989930e+001 -7.1027232e+000  1.2230094e+001 -1.0132963e+001  9.7194583e+000 -1.2541145e+001  6.6121492e+000 -1.4179432e+001  3.0989233e+000 -1.4947250e+001
