ВАРИАНТ   7     
число узлов  = 29
 степень полинома       4        7       14      
--------   узлы сетки  
  -8.6900000e-001 -8.2739286e-001 -7.8578571e-001 -7.4417857e-001 -7.0257143e-001 -6.6096429e-001 -6.1935714e-001 -5.7775000e-001 -5.3614286e-001 -4.9453571e-001 -4.5292857e-001 -4.1132143e-001 -3.6971429e-001 -3.2810714e-001 -2.8650000e-001 -2.4489286e-001 -2.0328571e-001 -1.6167857e-001 -1.2007143e-001 -7.8464286e-002 -3.6857143e-002  4.7500000e-003  4.6357143e-002  8.7964286e-002  1.2957143e-001  1.7117857e-001  2.1278571e-001  2.5439286e-001  2.9600000e-001
  ---- сеточная функция  
  8.9218818e-001  9.8793766e-001  7.1120541e-001  1.6632767e-001 -4.4126052e-001 -8.8248044e-001 -9.9097912e-001 -7.2584934e-001 -1.8705289e-001  4.2226804e-001  8.7238142e-001  9.9358119e-001  7.4017146e-001  2.0769517e-001 -4.0308833e-001 -8.6189561e-001 -9.9574274e-001 -7.5416539e-001 -2.2824537e-001  3.8372990e-001  8.5102765e-001  9.9746279e-001  7.6782494e-001  2.4869437e-001 -3.6420134e-001 -8.3978237e-001 -9.9874059e-001 -7.8114406e-001 -2.6903310e-001
---сеточная производная
  6.7749580e+000 -2.3227817e+000 -1.0544764e+001 -1.4791058e+001 -1.3460686e+001 -7.0552365e+000  2.0102456e+000  1.0317806e+001  1.4735248e+001  1.3597065e+001  7.3323869e+000 -1.6968183e+000 -1.0086273e+001 -1.4672904e+001 -1.3727416e+001 -7.6062862e+000  1.3826387e+000  9.8502679e+000  1.4604055e+001  1.3851681e+001  7.8768131e+000 -1.0678460e+000 -9.6098956e+000 -1.4528730e+001 -1.3969804e+001 -8.1438476e+000  7.5257982e-001  9.3652624e+000  1.4446964e+001
--------   узлы сетки  
 -1.3100000e-001  5.9642857e-003  1.4292857e-001  2.7989286e-001  4.1685714e-001  5.5382143e-001  6.9078571e-001  8.2775000e-001  9.6471429e-001  1.1016786e+000  1.2386429e+000  1.3756071e+000  1.5125714e+000  1.6495357e+000  1.7865000e+000  1.9234643e+000  2.0604286e+000  2.1973929e+000  2.3343571e+000  2.4713214e+000  2.6082857e+000  2.7452500e+000  2.8822143e+000  3.0191786e+000  3.1561429e+000  3.2931071e+000  3.4300714e+000  3.5670357e+000  3.7040000e+000
  ---- сеточная функция  
  9.2330270e-001  8.9344990e-002  8.4020659e-001  8.7078673e-001  3.0323515e-002  8.9898939e-001  8.0578970e-001  1.4955739e-001  9.4488690e-001  7.2924322e-001  2.6664765e-001  9.7724128e-001  6.4224444e-001  3.7991603e-001  9.9558878e-001  5.4604032e-001  4.8773904e-001  9.9966642e-001  4.4200976e-001  5.8857125e-001  9.8941577e-001  3.3164385e-001  6.8096742e-001  9.6498375e-001  2.1652445e-001  7.6360323e-001  9.2672054e-001  9.8301593e-002  8.3529425e-001
---сеточная производная
  5.7610959e+000  1.4940011e+001 -8.1339966e+000  7.3749140e+000 -1.4993102e+001 -6.5695562e+000  8.8830269e+000 -1.4831296e+001 -4.9109538e+000  1.0263819e+001 -1.4456911e+001 -3.1819624e+000  1.1497498e+001 -1.3875315e+001 -1.4073636e+000  1.2566383e+001 -1.3094842e+001  3.8740700e-001  1.3455154e+001 -1.2126680e+001  2.1766249e+000  1.4151070e+001 -1.0984706e+001  3.9346450e+000  1.4644158e+001 -9.6852865e+000  5.6362696e+000  1.4927350e+001 -8.2470474e+000
