ВАРИАНТ  8     
число узлов  = 25
степень полинома       6        8       12      
--------   узлы сетки   
 -9.9200000e-001 -9.7200000e-001 -9.5200000e-001 -9.3200000e-001 -9.1200000e-001 -8.9200000e-001 -8.7200000e-001 -8.5200000e-001 -8.3200000e-001 -8.1200000e-001 -7.9200000e-001 -7.7200000e-001 -7.5200000e-001 -7.3200000e-001 -7.1200000e-001 -6.9200000e-001 -6.7200000e-001 -6.5200000e-001 -6.3200000e-001 -6.1200000e-001 -5.9200000e-001 -5.7200000e-001 -5.5200000e-001 -5.3200000e-001 -5.1200000e-001 -4.9200000e-001 -4.7200000e-001 -4.5200000e-001 -4.3200000e-001 -4.1200000e-001 -3.9200000e-001 -3.7200000e-001 -3.5200000e-001 -3.3200000e-001 -3.1200000e-001 -2.9200000e-001 -2.7200000e-001
  ---- сеточная функция  
 -6.7637733e-001 -4.2850097e-001 -1.4234789e-001  1.5652070e-001  4.4140776e-001  6.8686518e-001  8.7096698e-001  9.7726789e-001  9.9627238e-001  9.2628282e-001  7.7355117e-001  5.5172050e-001  2.8060628e-001 -1.5573658e-002 -3.1036245e-001 -5.7742749e-001 -7.9291265e-001 -9.3756929e-001 -9.9847565e-001 -9.7019116e-001 -8.5524238e-001 -6.6389735e-001 -4.1324834e-001 -1.2568509e-001  1.7310524e-001  4.5643258e-001  6.9898817e-001  8.7910522e-001  9.8069443e-001  9.9468112e-001  9.1981591e-001  7.6278628e-001  5.3761923e-001  2.6442825e-001 -3.2383318e-002 -3.2630218e-001 -5.9107344e-001
---сеточная производная
  1.1048330e+001  1.3553120e+001  1.4847250e+001  1.4815120e+001  1.3459599e+001  1.0901773e+001  7.3701233e+000  3.1801226e+000 -1.2939490e+000 -5.6524360e+000 -9.5060077e+000 -1.2510436e+001 -1.4397344e+001 -1.4998181e+001 -1.4259274e+001 -1.2246630e+001 -9.1400297e+000 -5.2169783e+000 -8.2790966e-001  3.6351137e+000  7.7734231e+000  1.1217356e+001  1.3659276e+001  1.4881053e+001  1.4773550e+001  1.3346370e+001  1.0726998e+001  7.1494161e+000  2.9331977e+000 -1.5450345e+000 -5.8852534e+000 -9.6997601e+000 -1.2647816e+001 -1.4466080e+001 -1.4992133e+001 -1.4178983e+001 -1.2099266e+001
--------   узлы сетки   
 -8.0000000e-003  1.1088889e-001  2.2977778e-001  3.4866667e-001  4.6755556e-001  5.8644444e-001  7.0533333e-001  8.2422222e-001  9.4311111e-001  1.0620000e+000  1.1808889e+000  1.2997778e+000  1.4186667e+000  1.5375556e+000  1.6564444e+000  1.7753333e+000  1.8942222e+000  2.0131111e+000  2.1320000e+000  2.2508889e+000  2.3697778e+000  2.4886667e+000  2.6075556e+000  2.7264444e+000  2.8453333e+000  2.9642222e+000  3.0831111e+000  3.2020000e+000  3.3208889e+000  3.4397778e+000  3.5586667e+000  3.6775556e+000  3.7964444e+000  3.9153333e+000  4.0342222e+000  4.1531111e+000  4.2720000e+000
  ---- сеточная функция  
  1.1971221e-001  9.9572151e-001  3.0036377e-001  8.6900374e-001  6.6697993e-001  5.8761758e-001  9.1488462e-001  2.0164515e-001  9.9995488e-001  2.2021681e-001  9.0704959e-001  6.0288379e-001  6.5270438e-001  8.7824737e-001  2.8218850e-001  9.9729733e-001  1.3855229e-001  9.3884476e-001  5.3463304e-001  7.1329324e-001  8.3555790e-001  3.6078724e-001  9.8776718e-001  5.5932965e-002  9.6417013e-001  4.6269802e-001  7.6896663e-001  7.8711042e-001  4.3689970e-001  9.7143010e-001  2.7071803e-002  9.8285118e-001  3.8757443e-001  8.1934090e-001  7.3323878e-001  5.1000139e-001  9.4839868e-001
---сеточная производная
 -1.4892130e+001 -1.3860749e+000  1.4307371e+001 -7.4220828e+000  1.1176135e+001 -1.2137082e+001  6.0557311e+000 -1.4691880e+001 -1.4249374e-001  1.4631764e+001 -6.3153570e+000  1.1967435e+001 -1.1364190e+001  7.1730992e+000 -1.4390385e+001  1.1020694e+000  1.4855327e+001 -5.1651106e+000  1.2676265e+001 -1.0512986e+001  8.2410359e+000 -1.3989722e+001  2.3390380e+000  1.4976518e+001 -3.9792703e+000  1.3297739e+001 -9.5893338e+000  9.2521817e+000 -1.3492653e+001  3.5598877e+000 -1.4994502e+001 -2.7660079e+000  1.3827576e+001 -8.5995995e+000  1.0199569e+001 -1.2902604e+001  4.7562053e+000
