*****************  ВАРИАНТ   9  
число узлов  = 25
 степень полинома       6        8       12 
--------   узлы сетки       
  -6.2300000e-01  -5.3737500e-01  -4.5175000e-01  -3.6612500e-01  -2.8050000e-01  -1.9487500e-01  -1.0925000e-01  -2.3625000e-02   6.2000000e-02   1.4762500e-01   2.3325000e-01   3.1887500e-01   4.0450000e-01   4.9012500e-01   5.7575000e-01   6.6137500e-01   7.4700000e-01   8.3262500e-01   9.1825000e-01   1.0038750e+00   1.0895000e+00   1.1751250e+00   1.2607500e+00   1.3463750e+00   1.4320000e+00
   ---- сеточная функция  
  -8.2735885e-01  -9.9658583e-01  -9.0850971e-01  -5.8587040e-01  -1.1196839e-01   3.9084214e-01   7.9274325e-01   9.8997028e-01   9.3160225e-01   6.3270889e-01   1.7045985e-01  -3.3579930e-01  -7.5536024e-01  -9.7989882e-01  -9.5144264e-01  -6.7733863e-01  -2.2835624e-01   2.7958421e-01   7.1534033e-01   9.6640661e-01   9.6796160e-01   7.1960384e-01   2.8545547e-01  -2.2239311e-01  -6.7282321e-01
---сеточная производная
  -3.3700421e+00  -4.9537954e-01   2.5071824e+00   4.8624286e+00   5.9622706e+00   5.5227464e+00   3.6573341e+00   8.4765467e-01  -2.1808762e+00  -4.6463384e+00  -5.9121877e+00  -5.6516014e+00  -3.9318587e+00  -1.1969707e+00   1.8469566e+00   4.4140283e+00   5.8414659e+00   5.7607271e+00   4.1926574e+00   1.5421082e+00  -1.5065895e+00  -4.1663091e+00  -5.7503518e+00  -5.8497425e+00  -4.4388198e+00
--------   узлы сетки       
  -3.7700000e-01  -2.5429167e-01  -1.3158333e-01  -8.8750000e-03   1.1383333e-01   2.3654167e-01   3.5925000e-01   4.8195833e-01   6.0466667e-01   7.2737500e-01   8.5008333e-01   9.7279167e-01   1.0955000e+00   1.2182083e+00   1.3409167e+00   1.4636250e+00   1.5863333e+00   1.7090417e+00   1.8317500e+00   1.9544583e+00   2.0771667e+00   2.1998750e+00   2.3225833e+00   2.4452917e+00   2.5680000e+00
   ---- сеточная функция  
   7.7047927e-01   9.9898559e-01   7.1000126e-01   5.3224838e-02   6.3112291e-01   9.8853882e-01   8.3387568e-01   2.4725150e-01   4.6745294e-01   9.4000923e-01   9.2562558e-01   4.3175296e-01   2.8577465e-01   8.5526639e-01   9.8171635e-01   5.9962141e-01   9.3087076e-02   7.3757496e-01   9.9998713e-01   7.4438984e-01   1.0318662e-01   5.9146894e-01   9.7973405e-01   8.6048113e-01   2.9548511e-01
---сеточная производная
   3.8247903e+00  -2.7018656e-01  -4.2252024e+00  -5.9914953e+00   4.6540971e+00   9.0580150e-01  -3.3117138e+00  -5.8137080e+00   5.3041077e+00   2.0468941e+00  -2.2706436e+00  -5.4119514e+00   5.7497811e+00   3.1091315e+00  -1.1420983e+00  -4.8017028e+00   5.9739478e+00   4.0515916e+00   3.0445595e-02  -4.0064717e+00  -5.9679721e+00   4.8379667e+00   1.2018166e+00  -3.0568939e+00  -5.7320841e+00
